Results for Layer: 20, Type: city_2

PCA Loadings (top 10):
12858    0.373217
11800    0.356529
8996     0.337842
13400    0.317298
10925    0.315671
5052     0.295922
549      0.295627
6793     0.247643
14889    0.175918
13501    0.174914

Classification Report:
              precision    recall  f1-score    support
guess          0.744681  0.972222  0.843373  72.000000
confident      0.333333  0.040000  0.071429  25.000000
accuracy       0.731959  0.731959  0.731959   0.731959
macro avg      0.539007  0.506111  0.457401  97.000000
weighted avg   0.638663  0.731959  0.644419  97.000000

Confusion Matrix:
[[70  2]
 [24  1]]

Top 10 Feature Importances:
16045    0.095366
8684     0.094286
11800    0.088983
12858    0.088704
13964    0.088401
10931    0.086199
14889    0.082042
549      0.081563
6793     0.078811
584      0.064190

Average Feature Activation:
confidence  confident      guess
16045       11.286578  11.763977
8684        94.428936  94.830407
11800       23.827058  23.749910
12858       15.211046  15.091607
13964       13.733802  13.587517
10931       17.745156  18.080870
14889       12.184571  12.419550
549         12.784194  12.860845
6793         7.220803   7.345051
584          5.015315   4.744531