Results for Layer: 25, Type: city_2

PCA Loadings (top 10):
8002     0.346207
3473     0.305378
5299     0.299711
5090     0.295130
15298    0.282900
3420     0.263911
12784    0.245249
1734     0.244379
484      0.227389
10427    0.208342

Classification Report:
              precision    recall  f1-score    support
guess          0.747253  0.944444  0.834356  72.000000
confident      0.333333  0.080000  0.129032  25.000000
accuracy       0.721649  0.721649  0.721649   0.721649
macro avg      0.540293  0.512222  0.481694  97.000000
weighted avg   0.640572  0.721649  0.652571  97.000000

Confusion Matrix:
[[68  4]
 [23  2]]

Top 10 Feature Importances:
484      0.091630
15298    0.091133
3473     0.086082
13749    0.083504
1734     0.082350
5090     0.078823
5299     0.075380
8002     0.072965
12784    0.067916
10150    0.049593

Average Feature Activation:
confidence   confident       guess
484          30.744286   31.345552
15298       103.111328  100.415165
3473         40.509026   40.709906
13749       107.085741  116.651540
1734         19.634855   18.578650
5090         22.604196   23.511422
5299         18.228413   17.611231
8002         35.254240   36.470433
12784        17.568149   18.419276
10150        11.194977    9.760119