Results for Layer: 16, Type: city_2

PCA Loadings (top 10):
1033     0.355241
15152    0.349114
9450     0.308329
12224    0.295019
10480    0.287048
6901     0.284164
16064    0.263266
10517    0.258073
9850     0.231449
5673     0.231424

Classification Report:
              precision    recall  f1-score    support
guess          0.731183  0.944444  0.824242  72.000000
confident      0.000000  0.000000  0.000000  25.000000
accuracy       0.701031  0.701031  0.701031   0.701031
macro avg      0.365591  0.472222  0.412121  97.000000
weighted avg   0.542734  0.701031  0.611809  97.000000

Confusion Matrix:
[[68  4]
 [25  0]]

Top 10 Feature Importances:
10480    0.104909
2889     0.102604
3898     0.102053
1033     0.099288
9450     0.096136
5673     0.092301
15152    0.073188
10517    0.060129
16064    0.049921
13023    0.045893

Average Feature Activation:
confidence  confident      guess
10480       13.240346  13.330940
2889         5.964756   5.772279
3898         9.738545   9.625389
1033        74.547017  74.701956
9450        27.131074  27.362724
5673         7.207003   7.103480
15152       12.303351  12.123445
10517        2.828637   2.569003
16064        2.759422   2.787109
13023        1.849988   1.929436