Results for Layer: 10, Type: city_2

PCA Loadings (top 10):
12501    0.339065
4280     0.333246
3031     0.332329
12947    0.306222
5105     0.264742
7160     0.256686
14462    0.233662
5240     0.214206
14660    0.194047
2575     0.180889

Classification Report:
              precision    recall  f1-score    support
guess          0.747368  0.986111  0.850299  72.000000
confident      0.500000  0.040000  0.074074  25.000000
accuracy       0.742268  0.742268  0.742268   0.742268
macro avg      0.623684  0.513056  0.462187  97.000000
weighted avg   0.683614  0.742268  0.650241  97.000000

Confusion Matrix:
[[71  1]
 [24  1]]

Top 10 Feature Importances:
3031     0.075536
12501    0.073938
5105     0.073229
3910     0.067735
14462    0.066961
1740     0.059475
13863    0.056598
8034     0.053866
12689    0.047469
2575     0.044676

Average Feature Activation:
confidence  confident      guess
3031        41.539341  41.772774
12501        7.512483   7.482808
5105         9.039299   9.224184
3910        10.357183  10.320947
14462        6.960478   7.061723
1740         3.882660   3.844992
13863        4.272798   4.281482
8034         3.132364   3.049217
12689        1.633706   2.203209
2575         1.726542   1.590844