Results for Layer: 3, Type: city_2

PCA Loadings (top 10):
12972    0.370781
1908     0.334656
4263     0.290332
895      0.215117
15968    0.191386
8588     0.177723
9134     0.172272
12825    0.168852
6435     0.155984
10857    0.147390

Classification Report:
              precision    recall  f1-score    support
guess          0.758242  0.958333  0.846626  72.000000
confident      0.500000  0.120000  0.193548  25.000000
accuracy       0.742268  0.742268  0.742268   0.742268
macro avg      0.629121  0.539167  0.520087  97.000000
weighted avg   0.691685  0.742268  0.678307  97.000000

Confusion Matrix:
[[69  3]
 [22  3]]

Top 10 Feature Importances:
12972    0.054924
1908     0.051957
2659     0.046862
7503     0.043049
10721    0.038228
8588     0.034394
4263     0.028024
6435     0.023640
3177     0.022911
895      0.020058

Average Feature Activation:
confidence  confident      guess
12972       20.757045  19.780870
1908        13.535375  12.487470
2659         8.589523   8.284887
7503         5.562347   5.434123
10721        5.485118   5.856940
8588         6.162782   6.707943
4263         4.258014   4.072318
6435         1.530132   1.335021
3177         1.987157   1.650613
895          3.597140   2.757082