Results for Layer: 19, Type: city_2

PCA Loadings (top 10):
4346     0.387134
15887    0.365685
14434    0.338138
10363    0.309710
5825     0.286411
15590    0.266433
6560     0.255286
11046    0.249646
7558     0.233215
15864    0.215169

Classification Report:
              precision    recall  f1-score    support
guess          0.736842  0.972222  0.838323  72.000000
confident      0.000000  0.000000  0.000000  25.000000
accuracy       0.721649  0.721649  0.721649   0.721649
macro avg      0.368421  0.486111  0.419162  97.000000
weighted avg   0.546934  0.721649  0.622261  97.000000

Confusion Matrix:
[[70  2]
 [25  0]]

Top 10 Feature Importances:
14434    0.150627
10363    0.142840
4346     0.142676
15887    0.136672
5354     0.123546
15864    0.098919
5825     0.075355
11046    0.040014
7558     0.021910
13742    0.018505

Average Feature Activation:
confidence  confident      guess
14434       14.201774  14.603747
10363       18.768841  19.014100
4346        79.519270  79.923383
15887       10.952269  10.937441
5354        12.712544  12.575718
15864        7.104799   7.050963
5825         3.333590   3.474172
11046        2.253058   2.070498
7558         1.139952   0.933493
13742        0.816720   0.634163