Results for Layer: 12, Type: city_2

PCA Loadings (top 10):
6810     0.403422
6140     0.378983
10762    0.378666
5650     0.307779
8364     0.228790
9195     0.205196
11412    0.204924
1883     0.199495
2514     0.187510
14879    0.153463

Classification Report:
              precision    recall  f1-score    support
guess          0.742268  1.000000  0.852071  72.000000
confident      0.000000  0.000000  0.000000  25.000000
accuracy       0.742268  0.742268  0.742268   0.742268
macro avg      0.371134  0.500000  0.426036  97.000000
weighted avg   0.550962  0.742268  0.632465  97.000000

Confusion Matrix:
[[72  0]
 [25  0]]

Top 10 Feature Importances:
7507     0.110161
7541     0.099940
6810     0.098320
11412    0.097267
10762    0.095372
5650     0.090119
6140     0.084358
8364     0.049229
3527     0.041333
2514     0.039422

Average Feature Activation:
confidence  confident      guess
7507         8.931340   9.125895
7541         6.662154   6.549987
6810        58.121789  58.074640
11412        8.036786   8.055758
10762        8.717078   8.859906
5650         9.477789   9.574932
6140         6.577444   6.699366
8364         2.030921   1.737084
3527         0.834396   0.830080
2514         0.708310   1.020000