Results for Layer: 5, Type: city_2

PCA Loadings (top 10):
6979     0.352852
14626    0.349897
14908    0.325687
1908     0.318317
15218    0.278757
9240     0.234696
13789    0.209198
12743    0.197056
8680     0.182231
11043    0.166110

Classification Report:
              precision    recall  f1-score    support
guess          0.741935  0.958333  0.836364  72.000000
confident      0.250000  0.040000  0.068966  25.000000
accuracy       0.721649  0.721649  0.721649   0.721649
macro avg      0.495968  0.499167  0.452665  97.000000
weighted avg   0.615148  0.721649  0.638581  97.000000

Confusion Matrix:
[[69  3]
 [24  1]]

Top 10 Feature Importances:
6979     0.050157
15218    0.048831
14626    0.046699
13789    0.046000
8680     0.044088
1908     0.041411
6442     0.035538
15085    0.033854
13521    0.032722
14217    0.031797

Average Feature Activation:
confidence  confident      guess
6979        10.972010  10.038527
15218       12.528652  12.892201
14626       10.494984   9.773347
13789       10.786744  10.258578
8680         5.933964   5.516726
1908         6.231036   5.876628
6442         3.580900   3.387681
15085        3.935262   4.311438
13521        3.395934   4.543414
14217        2.772993   2.407646