Results for Layer: 22, Type: city_2

PCA Loadings (top 10):
15889    0.364461
7146     0.363116
11878    0.355867
6604     0.342679
13730    0.300178
10733    0.252502
5692     0.208969
16200    0.180918
1440     0.171683
1006     0.170292

Classification Report:
              precision    recall  f1-score    support
guess          0.728261  0.930556  0.817073  72.000000
confident      0.000000  0.000000  0.000000  25.000000
accuracy       0.690722  0.690722  0.690722   0.690722
macro avg      0.364130  0.465278  0.408537  97.000000
weighted avg   0.540565  0.690722  0.606487  97.000000

Confusion Matrix:
[[67  5]
 [25  0]]

Top 10 Feature Importances:
10733    0.106602
1440     0.100576
4384     0.097244
6604     0.096290
9723     0.082461
2234     0.078147
15889    0.062306
11878    0.060034
7146     0.058224
16200    0.048156

Average Feature Activation:
confidence   confident       guess
10733        12.083810   11.804773
1440         17.433597   17.703156
4384        144.089197  145.831960
6604         18.087709   17.500160
9723         15.765512   14.718581
2234          8.585138    9.286824
15889        13.413317   13.802889
11878        10.406395    9.794005
7146          9.520062    9.217083
16200         3.151323    3.289817