Results for Layer: 17, Type: city_2

PCA Loadings (top 10):
6492     0.335708
16302    0.332805
3726     0.313201
11327    0.307988
9810     0.299652
1354     0.298107
15700    0.263961
12071    0.226290
2192     0.225456
6342     0.190624

Classification Report:
              precision    recall  f1-score    support
guess          0.739583  0.986111  0.845238  72.000000
confident      0.000000  0.000000  0.000000  25.000000
accuracy       0.731959  0.731959  0.731959   0.731959
macro avg      0.369792  0.493056  0.422619  97.000000
weighted avg   0.548969  0.731959  0.627393  97.000000

Confusion Matrix:
[[71  1]
 [25  0]]

Top 10 Feature Importances:
13012    0.089302
13105    0.086638
7921     0.085709
6492     0.085219
9810     0.084573
3726     0.084519
11327    0.078752
547      0.074186
2192     0.045415
8400     0.042011

Average Feature Activation:
confidence  confident      guess
13012        9.350870   9.141935
13105       10.601679  10.437408
7921        16.820848  16.818514
6492        52.268105  52.615769
9810        30.379161  30.599246
3726        12.081698  12.301068
11327        7.845779   7.656121
547          4.664695   4.657621
2192         2.605890   2.900637
8400         2.045215   1.928311