Results for Layer: 13, Type: city_2

PCA Loadings (top 10):
13363    0.344097
15887    0.332592
530      0.331901
9561     0.328519
13725    0.319708
8150     0.298678
12964    0.270637
15604    0.251541
46       0.175050
10612    0.155184

Classification Report:
              precision    recall  f1-score    support
guess          0.736842  0.972222  0.838323  72.000000
confident      0.000000  0.000000  0.000000  25.000000
accuracy       0.721649  0.721649  0.721649   0.721649
macro avg      0.368421  0.486111  0.419162  97.000000
weighted avg   0.546934  0.721649  0.622261  97.000000

Confusion Matrix:
[[70  2]
 [25  0]]

Top 10 Feature Importances:
15319    0.094599
12964    0.085983
15887    0.085758
46       0.084101
13363    0.078905
15275    0.077865
9877     0.074819
530      0.074613
15062    0.064413
9561     0.055590

Average Feature Activation:
confidence  confident      guess
15319       17.460779  17.654774
12964       15.008804  15.148687
15887       55.539416  55.687322
46           9.577474   9.861736
13363       28.410223  28.276523
15275        8.920132   8.167288
9877         7.479262   7.644872
530          8.792448   8.945426
15062        4.878067   5.307059
9561         7.936368   8.009372