Results for Layer: 7, Type: city_2

PCA Loadings (top 10):
423      0.328948
1683     0.307911
3968     0.291527
7439     0.267916
14146    0.244847
14211    0.227092
15085    0.215550
16174    0.208419
10528    0.179199
11961    0.174901

Classification Report:
              precision    recall  f1-score   support
guess          0.739130  0.944444  0.829268  72.00000
confident      0.200000  0.040000  0.066667  25.00000
accuracy       0.711340  0.711340  0.711340   0.71134
macro avg      0.469565  0.492222  0.447967  97.00000
weighted avg   0.600179  0.711340  0.632721  97.00000

Confusion Matrix:
[[68  4]
 [24  1]]

Top 10 Feature Importances:
11961    0.061235
3968     0.058403
14146    0.056410
7439     0.055572
14662    0.054940
15085    0.053000
423      0.051802
11227    0.048869
3148     0.041036
7988     0.032557

Average Feature Activation:
confidence  confident      guess
11961        8.865765   8.799990
3968         6.632196   6.945600
14146       40.769335  40.443711
7439         5.717258   5.570142
14662        3.712086   4.041182
15085        5.192682   5.248720
423          8.051288   7.529001
11227        5.966732   6.017258
3148         2.072710   1.827232
7988         2.422516   2.061884