Results for Layer: 18, Type: city_2

PCA Loadings (top 10):
4474     0.324461
7373     0.322920
11596    0.310785
11849    0.310316
5753     0.302763
14528    0.297437
5803     0.277464
1027     0.259621
15817    0.251309
14754    0.248178

Classification Report:
              precision    recall  f1-score    support
guess          0.739583  0.986111  0.845238  72.000000
confident      0.000000  0.000000  0.000000  25.000000
accuracy       0.731959  0.731959  0.731959   0.731959
macro avg      0.369792  0.493056  0.422619  97.000000
weighted avg   0.548969  0.731959  0.627393  97.000000

Confusion Matrix:
[[71  1]
 [25  0]]

Top 10 Feature Importances:
1645     0.115304
4474     0.114337
15817    0.108173
7373     0.106328
5803     0.100558
15394    0.094242
8922     0.087329
14754    0.083495
1027     0.071476
2568     0.028539

Average Feature Activation:
confidence  confident      guess
1645         7.558878   7.147736
4474         8.543350   8.433175
15817       13.182398  13.521625
7373        78.923893  79.354448
5803        25.503641  25.678699
15394       10.527242  10.598891
8922         4.093748   4.058454
14754        4.746131   4.526315
1027         5.660309   5.789980
2568         1.312655   1.198476