Results for Layer: 6, Type: city_2

PCA Loadings (top 10):
12671    0.371238
412      0.346328
8331     0.317162
14553    0.308087
13073    0.305616
7000     0.287810
3124     0.218012
15079    0.191396
15298    0.159393
6035     0.149601

Classification Report:
              precision    recall  f1-score   support
guess          0.744444  0.930556  0.827160  72.00000
confident      0.285714  0.080000  0.125000  25.00000
accuracy       0.711340  0.711340  0.711340   0.71134
macro avg      0.515079  0.505278  0.476080  97.00000
weighted avg   0.626215  0.711340  0.646191  97.00000

Confusion Matrix:
[[67  5]
 [23  2]]

Top 10 Feature Importances:
2042     0.061088
15079    0.058553
12671    0.052967
412      0.052375
6058     0.051076
9687     0.046819
14553    0.043936
13073    0.042655
14917    0.039426
3124     0.038343

Average Feature Activation:
confidence  confident      guess
2042         8.318799   8.324690
15079       30.644426  29.687870
12671        7.181324   6.629692
412          8.302618   8.455513
6058         4.766549   4.965582
9687         4.880716   4.998259
14553        3.854727   3.386369
13073        4.025851   4.295343
14917        2.173355   2.430174
3124         2.375379   2.448258