Results for Layer: 11, Type: city_2

PCA Loadings (top 10):
2285     0.389775
16123    0.383946
4280     0.353163
10839    0.287248
6497     0.262636
5848     0.218933
13021    0.187995
7732     0.183169
6934     0.182113
306      0.179554

Classification Report:
              precision    recall  f1-score    support
guess          0.747368  0.986111  0.850299  72.000000
confident      0.500000  0.040000  0.074074  25.000000
accuracy       0.742268  0.742268  0.742268   0.742268
macro avg      0.623684  0.513056  0.462187  97.000000
weighted avg   0.683614  0.742268  0.650241  97.000000

Confusion Matrix:
[[71  1]
 [24  1]]

Top 10 Feature Importances:
16123    0.084064
10839    0.081675
306      0.080868
8456     0.080040
6497     0.079667
6934     0.077933
13021    0.075476
2285     0.071853
4280     0.049728
16346    0.041902

Average Feature Activation:
confidence  confident      guess
16123       57.850745  58.108118
10839        9.576742   9.687691
306          8.470165   8.534913
8456         5.773448   5.889461
6497         5.328294   5.484435
6934         8.800519   8.646133
13021       11.721039  11.758248
2285         6.922002   6.902006
4280         3.362461   2.953472
16346        1.578422   1.493572