Results for Layer: 24, Type: city_2

PCA Loadings (top 10):
2567     0.375289
2471     0.357199
14448    0.356879
9576     0.305902
10070    0.302003
328      0.262486
3173     0.251919
7886     0.232798
4182     0.225438
4559     0.204371

Classification Report:
              precision    recall  f1-score    support
guess          0.752688  0.972222  0.848485  72.000000
confident      0.500000  0.080000  0.137931  25.000000
accuracy       0.742268  0.742268  0.742268   0.742268
macro avg      0.626344  0.526111  0.493208  97.000000
weighted avg   0.687562  0.742268  0.665352  97.000000

Confusion Matrix:
[[70  2]
 [23  2]]

Top 10 Feature Importances:
13752    0.096372
14448    0.092212
11326    0.088723
12889    0.085891
11576    0.085497
14339    0.084560
7886     0.078097
4559     0.070265
9576     0.069862
328      0.055461

Average Feature Activation:
confidence   confident       guess
13752        32.342760   33.184513
14448       116.223763  115.768673
11326        96.796054   98.179592
12889        15.144772   15.011482
11576        15.889928   16.182156
14339        20.720232   20.797080
7886         12.138041   11.487393
4559         17.259769   16.735135
9576          8.323721    7.867178
328           6.825554    6.631017