Results for Layer: 21, Type: city_2

PCA Loadings (top 10):
1615     0.321580
14337    0.321001
15170    0.317689
8690     0.311845
908      0.301128
13589    0.268383
15445    0.265370
13496    0.232055
4563     0.220659
14813    0.210946

Classification Report:
              precision    recall  f1-score    support
guess          0.728261  0.930556  0.817073  72.000000
confident      0.000000  0.000000  0.000000  25.000000
accuracy       0.690722  0.690722  0.690722   0.690722
macro avg      0.364130  0.465278  0.408537  97.000000
weighted avg   0.540565  0.690722  0.606487  97.000000

Confusion Matrix:
[[67  5]
 [25  0]]

Top 10 Feature Importances:
3461     0.091696
4563     0.090459
13496    0.089582
14813    0.088220
14558    0.085092
2453     0.078203
7804     0.078171
2558     0.074150
2460     0.063387
6742     0.062073

Average Feature Activation:
confidence   confident       guess
3461        128.971181  130.294225
4563         16.884550   17.191910
13496        17.802904   17.632946
14813        24.079299   24.575486
14558        17.674652   17.661928
2453         12.146803   12.225663
7804         12.304083   12.489176
2558         13.191467   12.836944
2460         10.231652    9.469697
6742          8.926655    8.969325