Results for Layer: 15, Type: city_2

PCA Loadings (top 10):
11474    0.376966
2894     0.362518
2234     0.343718
13614    0.318272
5813     0.314708
8610     0.312206
9157     0.309212
11009    0.275899
1961     0.236480
381      0.176431

Classification Report:
              precision    recall  f1-score    support
guess          0.736264  0.930556  0.822086  72.000000
confident      0.166667  0.040000  0.064516  25.000000
accuracy       0.701031  0.701031  0.701031   0.701031
macro avg      0.451465  0.485278  0.443301  97.000000
weighted avg   0.589460  0.701031  0.626836  97.000000

Confusion Matrix:
[[67  5]
 [24  1]]

Top 10 Feature Importances:
2234     0.099465
14558    0.097347
5813     0.097003
8610     0.096407
9157     0.094199
381      0.088283
14466    0.087675
11474    0.077030
2894     0.068170
10935    0.053574

Average Feature Activation:
confidence  confident      guess
2234        62.128349  62.332673
14558       11.297292  11.262238
5813         9.067431   8.875307
8610        11.676646  11.668217
9157        17.192857  17.451391
381          7.165535   7.096154
14466        8.365585   8.587724
11474       16.254477  16.116568
2894         6.111417   6.089570
10935        2.739364   2.883765