Results for Layer: 0, Type: city_2

PCA Loadings (top 10):
8608     0.173841
14927    0.173840
12832    0.173840
2125     0.173839
14149    0.173839
5322     0.173838
2686     0.173838
10328    0.173836
3632     0.173835
14440    0.173834

Classification Report:
              precision    recall  f1-score    support
guess          0.776471  0.916667  0.840764  72.000000
confident      0.500000  0.240000  0.324324  25.000000
accuracy       0.742268  0.742268  0.742268   0.742268
macro avg      0.638235  0.578333  0.582544  97.000000
weighted avg   0.705215  0.742268  0.707661  97.000000

Confusion Matrix:
[[66  6]
 [19  6]]

Top 10 Feature Importances:
3851     0.028256
3027     0.012938
12876    0.012471
12520    0.012136
1147     0.011775
8920     0.010803
7298     0.010606
12138    0.010348
1743     0.009404
723      0.009328

Average Feature Activation:
confidence  confident      guess
3851        12.746663  11.989055
3027         2.572903   2.624324
12876        1.836761   0.695553
12520        1.298969   0.919020
1147         1.239584   0.847109
8920         1.920625   2.371321
7298         0.522028   0.384650
12138        0.761923   0.242294
1743         0.468984   0.348708
723          1.325311   1.102756