Results for Layer: 23, Type: city_2

PCA Loadings (top 10):
10358    0.390064
14250    0.387128
11928    0.383551
7629     0.294190
2493     0.279223
4245     0.275808
12223    0.207297
3666     0.193821
12971    0.186937
11271    0.181068

Classification Report:
              precision    recall  f1-score    support
guess          0.730337  0.902778  0.807453  72.000000
confident      0.125000  0.040000  0.060606  25.000000
accuracy       0.680412  0.680412  0.680412   0.680412
macro avg      0.427669  0.471389  0.434030  97.000000
weighted avg   0.574322  0.680412  0.614967  97.000000

Confusion Matrix:
[[65  7]
 [24  1]]

Top 10 Feature Importances:
11271    0.138605
4245     0.129535
1746     0.119607
16371    0.118966
5848     0.087208
14250    0.062995
4770     0.059646
10358    0.051614
11928    0.050418
8693     0.031986

Average Feature Activation:
confidence   confident       guess
11271       142.523287  145.084685
4245         20.859682   20.116810
1746         14.889306   15.300054
16371        17.431134   16.551579
5848          5.860852    6.407920
14250        11.397063   11.647634
4770          3.136927    3.462933
10358         7.786071    7.464308
11928         8.493736    8.895532
8693          1.609051    1.974821