Results for Layer: 2, Type: city_2

PCA Loadings (top 10):
11984    0.329415
7192     0.289216
6096     0.252012
4848     0.232471
12432    0.179305
1420     0.165132
4071     0.153087
8850     0.150514
14463    0.139190
6446     0.134636

Classification Report:
              precision    recall  f1-score    support
guess          0.741573  0.916667  0.819876  72.000000
confident      0.250000  0.080000  0.121212  25.000000
accuracy       0.701031  0.701031  0.701031   0.701031
macro avg      0.495787  0.498333  0.470544  97.000000
weighted avg   0.614879  0.701031  0.639808  97.000000

Confusion Matrix:
[[66  6]
 [23  2]]

Top 10 Feature Importances:
11984    0.057570
6096     0.048057
405      0.043146
4071     0.039204
7192     0.036988
1420     0.036902
4848     0.036777
8850     0.035020
13092    0.025270
1147     0.021699

Average Feature Activation:
confidence  confident      guess
11984       22.742329  21.421365
6096         9.256838   8.508114
405          8.741631   9.272597
4071         6.621104   6.969193
7192         6.577948   6.197390
1420         4.711985   3.781260
4848         6.023182   5.797544
8850         6.974026   6.702878
13092        3.030184   4.722432
1147         2.196730   2.346737