Results for Layer: 8, Type: city_2

PCA Loadings (top 10):
8400     0.355723
10044    0.331257
3531     0.244780
279      0.231693
302      0.221831
16054    0.220630
5859     0.176334
10264    0.156335
6347     0.152011
8641     0.148105

Classification Report:
              precision    recall  f1-score    support
guess          0.744681  0.972222  0.843373  72.000000
confident      0.333333  0.040000  0.071429  25.000000
accuracy       0.731959  0.731959  0.731959   0.731959
macro avg      0.539007  0.506111  0.457401  97.000000
weighted avg   0.638663  0.731959  0.644419  97.000000

Confusion Matrix:
[[70  2]
 [24  1]]

Top 10 Feature Importances:
302      0.064877
10972    0.064407
8641     0.064279
3124     0.062901
10044    0.060897
10524    0.059660
279      0.051176
8400     0.047588
815      0.044118
6347     0.041559

Average Feature Activation:
confidence  confident      guess
302         50.579559  50.308019
10972        9.740008   9.995260
8641         6.459372   6.607741
3124         6.881915   7.111396
10044       10.871479  10.700975
10524        9.768418   9.603460
279          2.588563   3.025549
8400         4.280151   3.701317
815          1.802632   1.788799
6347         1.609588   1.269173