Results for Layer: 4, Type: city_2

PCA Loadings (top 10):
5392     0.377776
13354    0.370872
16146    0.352849
10011    0.297505
847      0.243370
12690    0.234581
15299    0.215125
5155     0.208072
6642     0.162140
11756    0.136827

Classification Report:
              precision    recall  f1-score    support
guess          0.758242  0.958333  0.846626  72.000000
confident      0.500000  0.120000  0.193548  25.000000
accuracy       0.742268  0.742268  0.742268   0.742268
macro avg      0.629121  0.539167  0.520087  97.000000
weighted avg   0.691685  0.742268  0.678307  97.000000

Confusion Matrix:
[[69  3]
 [22  3]]

Top 10 Feature Importances:
13354    0.052976
2691     0.051803
5392     0.048717
4432     0.047361
4132     0.047346
11756    0.039391
847      0.033964
12131    0.033475
12690    0.031383
4054     0.027380

Average Feature Activation:
confidence  confident      guess
13354       14.069816  13.081333
2691         8.878822   9.651020
5392        16.216863  16.009136
4432         5.115169   5.735492
4132         9.854655   9.698366
11756        4.195155   3.943189
847          3.385624   2.633685
12131        2.720917   2.985247
12690        3.618443   4.137426
4054         1.649611   1.620910