Results for Layer: 14, Type: city_2

PCA Loadings (top 10):
7549     0.311699
15887    0.300094
2173     0.299547
511      0.275697
4186     0.261328
4755     0.259706
4412     0.254123
9677     0.250855
14822    0.244509
4821     0.218486

Classification Report:
              precision    recall  f1-score    support
guess          0.725275  0.916667  0.809816  72.000000
confident      0.000000  0.000000  0.000000  25.000000
accuracy       0.680412  0.680412  0.680412   0.680412
macro avg      0.362637  0.458333  0.404908  97.000000
weighted avg   0.538348  0.680412  0.601100  97.000000

Confusion Matrix:
[[66  6]
 [25  0]]

Top 10 Feature Importances:
13979    0.088190
15887    0.083111
2411     0.080410
2173     0.079488
7549     0.072506
7214     0.068790
4412     0.067036
9677     0.066933
511      0.061000
10617    0.054579

Average Feature Activation:
confidence  confident      guess
13979       12.701418  12.662284
15887       44.121587  44.258396
2411        13.276236  13.386641
2173        22.451521  22.459201
7549        16.982085  16.860773
7214         6.090578   6.291105
4412         6.552925   6.833007
9677         7.762929   7.523312
511          5.948566   5.800620
10617        3.293433   3.973040