Results for Layer: 1, Type: city_2

PCA Loadings (top 10):
13403    0.232237
11142    0.232145
9436     0.232091
14713    0.232065
14727    0.232034
5614     0.231956
6823     0.219860
1342     0.205858
9611     0.190847
11869    0.178296

Classification Report:
              precision    recall  f1-score    support
guess          0.772727  0.944444  0.850000  72.000000
confident      0.555556  0.200000  0.294118  25.000000
accuracy       0.752577  0.752577  0.752577   0.752577
macro avg      0.664141  0.572222  0.572059  97.000000
weighted avg   0.716755  0.752577  0.706731  97.000000

Confusion Matrix:
[[68  4]
 [20  5]]

Top 10 Feature Importances:
12054    0.045340
2726     0.042596
11869    0.038326
833      0.033579
6483     0.027911
15790    0.015899
13884    0.014791
14097    0.013337
600      0.013079
10499    0.012551

Average Feature Activation:
confidence  confident      guess
12054       18.757669  19.372134
2726         8.829527   9.247359
11869       12.757992  13.105422
833          4.794879   4.595024
6483         4.068820   5.398194
15790        1.529769   1.347252
13884        2.662385   2.513313
14097        1.345690   2.202137
600          0.954832   0.403209
10499        0.718927   0.395461