Results for Layer: 9, Type: city_2

PCA Loadings (top 10):
7217     0.352448
13601    0.322600
14802    0.321399
8698     0.276821
15629    0.261228
1435     0.223404
6227     0.198725
12701    0.192338
9595     0.185414
1804     0.167156

Classification Report:
              precision    recall  f1-score   support
guess          0.734043  0.958333  0.831325  72.00000
confident      0.000000  0.000000  0.000000  25.00000
accuracy       0.711340  0.711340  0.711340   0.71134
macro avg      0.367021  0.479167  0.415663  97.00000
weighted avg   0.544856  0.711340  0.617066  97.00000

Confusion Matrix:
[[69  3]
 [25  0]]

Top 10 Feature Importances:
1435     0.067762
12701    0.067063
4494     0.065724
9595     0.065684
7217     0.065560
10185    0.061633
6227     0.060050
15629    0.058775
14802    0.054997
8698     0.050495

Average Feature Activation:
confidence  confident      guess
1435        48.925022  48.501780
12701        7.333719   7.675395
4494        11.372105  11.359677
9595         4.388504   4.107050
7217         7.549711   7.555388
10185        2.677761   3.340897
6227         5.440536   5.460676
15629        3.772976   3.601884
14802        4.117099   3.922765
8698         2.740858   2.764393