Results for Layer: 23, Type: distance

PCA Loadings (top 10):
12114    0.271166
1896     0.271163
2415     0.271152
2198     0.271143
9757     0.271133
14514    0.271129
9774     0.271125
12466    0.271096
5339     0.270855
2774     0.267829

Classification Report:
              precision    recall  f1-score    support
guess          0.878378  0.902778  0.890411  72.000000
confident      0.695652  0.640000  0.666667  25.000000
accuracy       0.835052  0.835052  0.835052   0.835052
macro avg      0.787015  0.771389  0.778539  97.000000
weighted avg   0.831284  0.835052  0.832745  97.000000

Confusion Matrix:
[[65  7]
 [ 9 16]]

Top 10 Feature Importances:
11271    0.173586
8693     0.065250
16371    0.065162
9774     0.049537
4245     0.040559
1896     0.036423
9757     0.035118
12114    0.033031
2415     0.032576
2198     0.032118

Average Feature Activation:
confidence   confident         guess
11271       173.501406  4.078386e+01
8693          7.209846  1.755502e+00
16371        13.026155  2.975930e+00
9774          0.000000  3.921736e+15
4245          8.115537  2.487525e+00
1896          0.000000  3.771819e+15
9757          0.000000  4.816908e+15
12114         0.000000  4.147728e+15
2415          0.000000  3.582261e+15
2198          0.000000  5.022638e+15