Results for Layer: 21, Type: distance

PCA Loadings (top 10):
7019     0.255577
15068    0.255569
16254    0.255549
9010     0.255537
13234    0.255528
13007    0.255510
13851    0.255465
15244    0.255447
199      0.255276
15740    0.253179

Classification Report:
              precision    recall  f1-score    support
guess          0.864865  0.888889  0.876712  72.000000
confident      0.652174  0.600000  0.625000  25.000000
accuracy       0.814433  0.814433  0.814433   0.814433
macro avg      0.758519  0.744444  0.750856  97.000000
weighted avg   0.810048  0.814433  0.811838  97.000000

Confusion Matrix:
[[64  8]
 [10 15]]

Top 10 Feature Importances:
3461     0.101048
7804     0.079226
4563     0.068014
14813    0.062266
11464    0.054469
13496    0.053317
2453     0.047839
13557    0.042981
2558     0.041378
11481    0.039894

Average Feature Activation:
confidence   confident      guess
3461        147.693034  35.578207
7804         14.708654   3.440929
4563         17.248606   4.039561
14813        16.766312   4.046856
11464         7.611667   1.597225
13496        10.883957   2.670814
2453         10.719748   2.622360
13557         5.556169   1.200660
2558          8.316833   1.669428
11481         5.654910   1.503803