Results for Layer: 4, Type: distance

PCA Loadings (top 10):
11802    0.292198
8848     0.291108
1939     0.290925
14747    0.290718
5886     0.289774
5852     0.287725
6786     0.287630
11224    0.281351
5439     0.273222
15001    0.241579

Classification Report:
              precision  recall  f1-score  support
guess               1.0     1.0       1.0     72.0
confident           1.0     1.0       1.0     25.0
accuracy            1.0     1.0       1.0      1.0
macro avg           1.0     1.0       1.0     97.0
weighted avg        1.0     1.0       1.0     97.0

Confusion Matrix:
[[72  0]
 [ 0 25]]

Top 10 Feature Importances:
14747    0.105441
1939     0.103425
11802    0.103253
5439     0.082065
15001    0.081852
6174     0.079607
6786     0.073970
5886     0.067101
10011    0.058575
5852     0.053101

Average Feature Activation:
confidence  confident      guess
14747        0.000000   9.351429
1939         0.000000  21.462315
11802        0.000000  20.130505
5439         0.000000   8.834871
15001       18.963340  12.306426
6174         8.852724   2.456992
6786        15.030361   0.000000
5886         8.593022   0.000000
10011       12.720219   6.312223
5852        28.121843   0.000000