Results for Layer: 25, Type: distance

PCA Loadings (top 10):
16214    0.253151
15920    0.252981
3291     0.252974
3345     0.252905
11393    0.252896
10970    0.252890
1689     0.252879
13706    0.252874
8601     0.252866
13114    0.252864

Classification Report:
              precision    recall  f1-score    support
guess          0.857143  0.916667  0.885906  72.000000
confident      0.700000  0.560000  0.622222  25.000000
accuracy       0.824742  0.824742  0.824742   0.824742
macro avg      0.778571  0.738333  0.754064  97.000000
weighted avg   0.816642  0.824742  0.817946  97.000000

Confusion Matrix:
[[66  6]
 [11 14]]

Top 10 Feature Importances:
3473     0.103137
15298    0.079633
13749    0.071817
1734     0.068354
12784    0.066008
484      0.060595
5299     0.057966
8002     0.055925
6172     0.050857
13706    0.030323

Average Feature Activation:
confidence  confident         guess
3473        43.373163  1.039518e+01
15298       90.296500  2.203567e+01
13749       83.323266  2.445160e+01
1734        16.979592  3.759975e+00
12784       23.983814  5.962263e+00
484         31.308698  6.713309e+00
5299        16.263619  3.174621e+00
8002        34.391060  1.003875e+01
6172         6.868207  1.145720e+00
13706        0.000000  3.860016e+16