Results for Layer: 16, Type: distance

PCA Loadings (top 10):
1634     0.264388
5709     0.263480
9366     0.263348
4909     0.263336
11353    0.262871
14374    0.262663
1931     0.262385
1033     0.226259
9450     0.225018
16099    0.218277

Classification Report:
              precision    recall  f1-score    support
guess          0.900000  0.875000  0.887324  72.000000
confident      0.666667  0.720000  0.692308  25.000000
accuracy       0.835052  0.835052  0.835052   0.835052
macro avg      0.783333  0.797500  0.789816  97.000000
weighted avg   0.839863  0.835052  0.837062  97.000000

Confusion Matrix:
[[63  9]
 [ 7 18]]

Top 10 Feature Importances:
9450     0.113576
1033     0.103815
10480    0.089153
5673     0.081211
3898     0.074721
12224    0.044885
9850     0.041778
9366     0.035726
15152    0.034467
5709     0.033545

Average Feature Activation:
confidence  confident         guess
9450        24.901971  5.846218e+00
1033        85.613999  2.117267e+01
10480       14.807818  3.417012e+00
5673         6.492987  1.548206e+00
3898         5.450679  1.180048e+00
12224        3.728219  8.131242e-01
9850         2.813747  5.419004e-01
9366         0.000000  6.153208e+08
15152        4.159169  7.608292e-01
5709         0.000000  6.618986e+08