Results for Layer: 24, Type: distance

PCA Loadings (top 10):
298      0.257005
14649    0.256994
9576     0.256982
5847     0.256976
12771    0.256963
10076    0.256938
15063    0.256920
5005     0.256911
3061     0.256910
2209     0.253006

Classification Report:
              precision    recall  f1-score    support
guess          0.851351  0.875000  0.863014  72.000000
confident      0.608696  0.560000  0.583333  25.000000
accuracy       0.793814  0.793814  0.793814   0.793814
macro avg      0.730024  0.717500  0.723174  97.000000
weighted avg   0.788811  0.793814  0.790931  97.000000

Confusion Matrix:
[[63  9]
 [11 14]]

Top 10 Feature Importances:
11326    0.101723
14339    0.098884
13752    0.094112
14448    0.085843
11576    0.059357
4182     0.058086
14649    0.044526
298      0.032991
12889    0.032422
7886     0.029580

Average Feature Activation:
confidence   confident         guess
11326       125.012540  2.902462e+01
14339        16.134007  3.853218e+00
13752        30.649315  7.524754e+00
14448       102.557422  2.469380e+01
11576         9.610140  2.381411e+00
4182         13.309447  3.812132e+00
14649         0.000000  1.826512e+16
298           0.000000  2.330990e+16
12889         6.046346  1.408192e+00
7886          3.547636  6.529501e-01