Results for Layer: 8, Type: distance

PCA Loadings (top 10):
12106    0.260978
14359    0.260689
7839     0.259799
5149     0.258084
4652     0.251277
4805     0.249303
3493     0.243450
8641     0.238094
10524    0.230499
10972    0.220880

Classification Report:
              precision  recall  f1-score  support
guess               1.0     1.0       1.0     72.0
confident           1.0     1.0       1.0     25.0
accuracy            1.0     1.0       1.0      1.0
macro avg           1.0     1.0       1.0     97.0
weighted avg        1.0     1.0       1.0     97.0

Confusion Matrix:
[[72  0]
 [ 0 25]]

Top 10 Feature Importances:
14359    0.131802
5149     0.117445
7839     0.089571
12106    0.074833
12201    0.073017
15473    0.068401
302      0.055062
8954     0.054726
4805     0.048870
10972    0.041549

Average Feature Activation:
confidence  confident      guess
14359        0.000000  18.958323
5149         0.000000  20.230690
7839         0.499718  27.159061
12106        0.000000  33.670282
12201       15.851994   0.000000
15473        5.370025   0.000000
302         50.408904  58.410088
8954         6.306798   0.000000
4805         0.000000  18.172147
10972        9.225420   2.030342