Results for Layer: 19, Type: distance

PCA Loadings (top 10):
7998     0.264238
3948     0.264233
3601     0.264232
15543    0.264217
4794     0.264211
1296     0.264208
7874     0.264172
1094     0.264064
10599    0.263997
850      0.263858

Classification Report:
              precision    recall  f1-score    support
guess          0.900000  0.875000  0.887324  72.000000
confident      0.666667  0.720000  0.692308  25.000000
accuracy       0.835052  0.835052  0.835052   0.835052
macro avg      0.783333  0.797500  0.789816  97.000000
weighted avg   0.839863  0.835052  0.837062  97.000000

Confusion Matrix:
[[63  9]
 [ 7 18]]

Top 10 Feature Importances:
4346     0.107495
14434    0.102404
11046    0.096994
10363    0.088457
5825     0.085244
15864    0.083186
15887    0.064054
15543    0.049230
7998     0.039335
5354     0.030805

Average Feature Activation:
confidence  confident         guess
4346        90.274904  2.176103e+01
14434       16.459085  3.774835e+00
11046        7.333425  1.628682e+00
10363       17.728017  4.080251e+00
5825         5.962535  1.413194e+00
15864        7.516516  1.503604e+00
15887       10.022483  2.176467e+00
15543        0.000000  2.499127e+12
7998         0.000000  1.375600e+12
5354         1.818432  3.765559e-01