Results for Layer: 22, Type: distance

PCA Loadings (top 10):
7545     0.269698
4225     0.269697
4424     0.269689
6255     0.269686
1949     0.269684
1444     0.269681
12567    0.269662
4819     0.269605
10492    0.269584
216      0.269341

Classification Report:
              precision    recall  f1-score    support
guess          0.888889  0.888889  0.888889  72.000000
confident      0.680000  0.680000  0.680000  25.000000
accuracy       0.835052  0.835052  0.835052   0.835052
macro avg      0.784444  0.784444  0.784444  97.000000
weighted avg   0.835052  0.835052  0.835052  97.000000

Confusion Matrix:
[[64  8]
 [ 8 17]]

Top 10 Feature Importances:
4384     0.116244
2234     0.088971
9723     0.079463
10733    0.063096
6604     0.050245
7545     0.040262
4225     0.039268
1444     0.036953
4819     0.033234
16200    0.031689

Average Feature Activation:
confidence   confident         guess
4384        166.679079  3.965001e+01
2234         12.229313  2.754060e+00
9723         11.738882  2.594390e+00
10733         6.174148  1.756924e+00
6604          7.925840  2.443176e+00
7545          0.000000  6.752618e+14
4225          0.000000  6.597252e+14
1444          0.000000  8.441033e+14
4819          0.000000  6.992903e+14
16200         4.369385  7.726196e-01