Results for Layer: 13, Type: distance

PCA Loadings (top 10):
11807    0.252593
11023    0.249161
10907    0.246742
13561    0.240433
9992     0.238083
15319    0.237955
15887    0.237831
1571     0.226265
2620     0.220105
15062    0.215956

Classification Report:
              precision    recall  f1-score    support
guess          0.885714  0.861111  0.873239  72.000000
confident      0.629630  0.680000  0.653846  25.000000
accuracy       0.814433  0.814433  0.814433   0.814433
macro avg      0.757672  0.770556  0.763543  97.000000
weighted avg   0.819713  0.814433  0.816695  97.000000

Confusion Matrix:
[[62 10]
 [ 8 17]]

Top 10 Feature Importances:
15319    0.084885
13363    0.084245
46       0.080033
15887    0.068112
15062    0.065133
13725    0.063278
12964    0.062949
8150     0.040638
9877     0.036548
6159     0.034553

Average Feature Activation:
confidence  confident        guess
15319       17.666653     4.422301
13363       18.247003     4.777724
46           8.780032     2.197687
15887       60.038514    16.887429
15062        6.149053     1.419212
13725        5.931596     1.407533
12964        9.181483     2.323851
8150         3.401778     0.642917
9877         4.458182     1.210041
6159         0.000000  4908.584570