Results for Layer: 9, Type: distance

PCA Loadings (top 10):
5954     0.263112
906      0.262494
5149     0.261978
14914    0.260119
3493     0.258895
10734    0.257881
2646     0.236837
4494     0.236300
6227     0.234643
12106    0.229960

Classification Report:
              precision  recall  f1-score  support
guess               1.0     1.0       1.0     72.0
confident           1.0     1.0       1.0     25.0
accuracy            1.0     1.0       1.0      1.0
macro avg           1.0     1.0       1.0     97.0
weighted avg        1.0     1.0       1.0     97.0

Confusion Matrix:
[[72  0]
 [ 0 25]]

Top 10 Feature Importances:
14667    0.133851
5149     0.075745
5954     0.071383
8698     0.060860
10185    0.060095
14914    0.056556
1435     0.051782
4494     0.045853
906      0.043137
7217     0.034428

Average Feature Activation:
confidence  confident      guess
14667       10.976378   0.000000
5149         0.000000  71.844882
5954         0.000000  50.196031
8698         3.496960   0.414198
10185        4.059896   0.441377
14914        0.000000  39.555127
1435        48.885346  44.416783
4494         9.474069   2.330084
906          0.000000  58.902754
7217         6.052601   1.831403