Results for Layer: 1, Type: distance

PCA Loadings (top 10):
4557     0.277807
13404    0.277523
5910     0.277495
2728     0.276605
7005     0.276564
5183     0.276560
4992     0.276547
4881     0.269567
7862     0.265188
4911     0.263679

Classification Report:
              precision  recall  f1-score  support
guess               1.0     1.0       1.0     72.0
confident           1.0     1.0       1.0     25.0
accuracy            1.0     1.0       1.0      1.0
macro avg           1.0     1.0       1.0     97.0
weighted avg        1.0     1.0       1.0     97.0

Confusion Matrix:
[[72  0]
 [ 0 25]]

Top 10 Feature Importances:
5910     0.084450
4992     0.081864
7005     0.080369
10586    0.078362
4911     0.074829
2728     0.072138
7862     0.070370
13404    0.068823
3466     0.064447
12956    0.063145

Average Feature Activation:
confidence  confident      guess
5910         0.000000  17.230656
4992        27.796584   0.000000
7005        19.160616   0.000000
10586        7.563582   4.702895
4911        13.153924  14.818399
2728         0.000000   5.005369
7862         5.537649   0.025450
13404        0.000000   6.742299
3466         2.123882   0.000000
12956        5.638115   4.983739