Results for Layer: 2, Type: distance

PCA Loadings (top 10):
13942    0.242465
531      0.242404
306      0.242035
13046    0.240911
10394    0.240910
13776    0.240907
3471     0.240864
7527     0.240586
13279    0.240423
1464     0.239385

Classification Report:
              precision  recall  f1-score  support
guess               1.0     1.0       1.0     72.0
confident           1.0     1.0       1.0     25.0
accuracy            1.0     1.0       1.0      1.0
macro avg           1.0     1.0       1.0     97.0
weighted avg        1.0     1.0       1.0     97.0

Confusion Matrix:
[[72  0]
 [ 0 25]]

Top 10 Feature Importances:
13776    0.107473
13092    0.103101
5551     0.071611
306      0.071167
531      0.070562
10394    0.067938
8263     0.066641
13279    0.062179
9459     0.052999
15757    0.052257

Average Feature Activation:
confidence  confident      guess
13776       14.328391   0.000000
13092       16.139748  11.537311
5551         0.000000  13.583361
306          0.000000  13.359296
531          0.000000  20.059783
10394       11.883564   0.000000
8263         7.911396   0.000000
13279       11.631495   0.000000
9459         0.000000   5.307468
15757        8.750688   0.000000