Results for Layer: 6, Type: distance

PCA Loadings (top 10):
10877    0.296755
6087     0.294426
15288    0.291424
219      0.286958
13178    0.286559
2312     0.278601
10793    0.276835
980      0.269072
7221     0.257245
13810    0.254762

Classification Report:
              precision  recall  f1-score  support
guess               1.0     1.0       1.0     72.0
confident           1.0     1.0       1.0     25.0
accuracy            1.0     1.0       1.0      1.0
macro avg           1.0     1.0       1.0     97.0
weighted avg        1.0     1.0       1.0     97.0

Confusion Matrix:
[[72  0]
 [ 0 25]]

Top 10 Feature Importances:
219      0.132850
13178    0.111471
2312     0.103055
10877    0.100974
980      0.076040
15288    0.071462
6087     0.069094
13810    0.066837
10793    0.052927
2447     0.039473

Average Feature Activation:
confidence  confident      guess
219         24.397472   0.000000
13178       17.515167   0.000000
2312        10.211882  16.685432
10877        0.000000  18.773021
980          6.937124   0.310407
15288        0.000000  14.204886
6087         0.000000  11.151676
13810        5.762091   0.000000
10793        9.118304   0.000000
2447        12.711916  10.849018