Results for Layer: 12, Type: distance

PCA Loadings (top 10):
107      0.263593
847      0.262157
11570    0.261323
16112    0.261116
10077    0.260140
13768    0.258131
4572     0.245111
6810     0.244764
5650     0.231109
7507     0.227781

Classification Report:
              precision    recall  f1-score    support
guess          0.970588  0.916667  0.942857  72.000000
confident      0.793103  0.920000  0.851852  25.000000
accuracy       0.917526  0.917526  0.917526   0.917526
macro avg      0.881846  0.918333  0.897354  97.000000
weighted avg   0.924845  0.917526  0.919402  97.000000

Confusion Matrix:
[[66  6]
 [ 2 23]]

Top 10 Feature Importances:
11412    0.093978
7507     0.093240
6140     0.093212
847      0.085636
6810     0.078765
5650     0.075590
10762    0.049715
7541     0.036880
10640    0.027201
5149     0.027085

Average Feature Activation:
confidence  confident         guess
11412        7.207684      1.719445
7507         8.986995      1.846103
6140         6.340008      1.447949
847          0.000000  20928.065864
6810        57.973543     18.846659
5650         9.103592      2.629220
10762        3.890011      0.838978
7541         1.824373      0.459835
10640        0.896477      0.212523
5149         0.000000   6329.291576