Results for Layer: 14, Type: distance

PCA Loadings (top 10):
14375    0.253398
7344     0.250963
4521     0.248550
368      0.248183
6410     0.248154
12081    0.244187
7978     0.240194
11681    0.230282
15887    0.227740
13979    0.221766

Classification Report:
              precision    recall  f1-score    support
guess          0.861111  0.861111  0.861111  72.000000
confident      0.600000  0.600000  0.600000  25.000000
accuracy       0.793814  0.793814  0.793814   0.793814
macro avg      0.730556  0.730556  0.730556  97.000000
weighted avg   0.793814  0.793814  0.793814  97.000000

Confusion Matrix:
[[62 10]
 [10 15]]

Top 10 Feature Importances:
13979    0.106405
2411     0.068466
4186     0.067506
2173     0.066753
4412     0.059293
7214     0.057370
9677     0.056921
15887    0.054318
14822    0.049035
7549     0.036577

Average Feature Activation:
confidence  confident      guess
13979       10.859531   2.567642
2411        10.251441   2.602558
4186         5.053235   1.093748
2173        13.975814   3.314647
4412         7.265071   1.831195
7214         3.923377   0.707412
9677         5.994462   1.325751
15887       54.028243  14.145213
14822        3.487705   0.805601
7549         6.557336   1.500450