Results for Layer: 10, Type: distance

PCA Loadings (top 10):
10391    0.255593
10619    0.255345
4793     0.254140
2662     0.251868
3649     0.242269
3910     0.235911
3031     0.233433
13863    0.233252
3855     0.226809
14462    0.217823

Classification Report:
              precision    recall  f1-score    support
guess          1.000000  0.930556  0.964029  72.000000
confident      0.833333  1.000000  0.909091  25.000000
accuracy       0.948454  0.948454  0.948454   0.948454
macro avg      0.916667  0.965278  0.936560  97.000000
weighted avg   0.957045  0.948454  0.949870  97.000000

Confusion Matrix:
[[67  5]
 [ 0 25]]

Top 10 Feature Importances:
10619    0.094828
10391    0.078970
12501    0.074232
14462    0.056730
3031     0.055536
3910     0.048055
14660    0.046182
3699     0.045866
8034     0.044988
12689    0.039398

Average Feature Activation:
confidence  confident       guess
10619        0.000000  302.134104
10391        0.000000  453.673335
12501        5.879623    1.434688
14462        5.741843    1.582076
3031        45.791380   20.632590
3910         8.931771    2.386341
14660        2.842939    0.262158
3699         0.000000  145.894863
8034         2.949874    0.505871
12689        2.813308    0.576508