Results for Layer: 20, Type: distance

PCA Loadings (top 10):
3034     0.252134
1188     0.252131
2172     0.252116
12662    0.252108
1490     0.252091
1347     0.252087
15036    0.252076
13220    0.252058
644      0.252050
10345    0.251674

Classification Report:
              precision    recall  f1-score    support
guess          0.911765  0.861111  0.885714  72.000000
confident      0.655172  0.760000  0.703704  25.000000
accuracy       0.835052  0.835052  0.835052   0.835052
macro avg      0.783469  0.810556  0.794709  97.000000
weighted avg   0.845633  0.835052  0.838804  97.000000

Confusion Matrix:
[[62 10]
 [ 6 19]]

Top 10 Feature Importances:
10931    0.100293
11800    0.091308
584      0.082472
16045    0.073436
8684     0.067588
13964    0.066777
12858    0.061615
14889    0.056080
8366     0.050622
13220    0.034258

Average Feature Activation:
confidence   confident         guess
10931        16.301993  3.814756e+00
11800        17.472243  4.217526e+00
584           7.056393  1.686784e+00
16045        13.094462  3.016813e+00
8684        103.451577  2.483430e+01
13964         9.662061  2.270584e+00
12858        11.171304  2.600788e+00
14889        11.542875  2.499471e+00
8366          5.125099  9.067125e-01
13220         0.000000  1.311078e+13