Results for Layer: 5, Type: distance

PCA Loadings (top 10):
6224     0.314184
11981    0.308644
12646    0.307341
12581    0.307012
12484    0.277639
13922    0.270748
14908    0.253299
3360     0.239662
13789    0.229228
14054    0.224264

Classification Report:
              precision  recall  f1-score  support
guess               1.0     1.0       1.0     72.0
confident           1.0     1.0       1.0     25.0
accuracy            1.0     1.0       1.0      1.0
macro avg           1.0     1.0       1.0     97.0
weighted avg        1.0     1.0       1.0     97.0

Confusion Matrix:
[[72  0]
 [ 0 25]]

Top 10 Feature Importances:
12646    0.143186
3360     0.116559
12581    0.096101
13789    0.090347
11981    0.079476
6224     0.064408
8067     0.061589
12484    0.056532
14054    0.044412
13922    0.043070

Average Feature Activation:
confidence  confident      guess
12646       25.409292   0.000000
3360        11.386623  14.053569
12581       18.263402   0.000000
13789       12.510651   4.967287
11981        0.000000  17.120027
6224         0.000000  28.922692
8067         2.969126   0.000000
12484        1.589429   9.535894
14054        0.000000   7.225046
13922       19.925622  14.300953