Results for Layer: 0, Type: distance

PCA Loadings (top 10):
2288     0.282367
12838    0.280262
15250    0.280168
14942    0.279565
1464     0.279424
2896     0.279409
15288    0.277534
10445    0.275848
5256     0.269833
1654     0.269816

Classification Report:
              precision  recall  f1-score  support
guess               1.0     1.0       1.0     72.0
confident           1.0     1.0       1.0     25.0
accuracy            1.0     1.0       1.0      1.0
macro avg           1.0     1.0       1.0     97.0
weighted avg        1.0     1.0       1.0     97.0

Confusion Matrix:
[[72  0]
 [ 0 25]]

Top 10 Feature Importances:
10445    0.104146
15250    0.101311
2896     0.093747
15288    0.089149
2288     0.088626
14320    0.087609
10184    0.064028
14942    0.061092
1464     0.060291
14667    0.057528

Average Feature Activation:
confidence  confident      guess
10445        6.896842   9.624730
15250       15.168474  17.671129
2896         0.000000  10.218901
15288        0.000000   6.711923
2288         3.477807   6.210491
14320        6.683377   6.326126
10184        3.842673   2.867506
14942        0.000000   8.786851
1464         0.000000  38.678600
14667        3.914103   0.000000