Results for Layer: 17, Type: distance

PCA Loadings (top 10):
2495     0.245800
15989    0.245694
10733    0.245676
6395     0.245640
8510     0.245550
1810     0.245486
12638    0.245473
7334     0.245451
6415     0.245282
6492     0.223855

Classification Report:
              precision    recall  f1-score    support
guess          0.900000  0.875000  0.887324  72.000000
confident      0.666667  0.720000  0.692308  25.000000
accuracy       0.835052  0.835052  0.835052   0.835052
macro avg      0.783333  0.797500  0.789816  97.000000
weighted avg   0.839863  0.835052  0.837062  97.000000

Confusion Matrix:
[[63  9]
 [ 7 18]]

Top 10 Feature Importances:
6492     0.081083
3726     0.071596
2192     0.067200
9810     0.064136
7921     0.060349
11327    0.057409
13105    0.056106
11835    0.047922
8400     0.045899
547      0.038057

Average Feature Activation:
confidence  confident      guess
6492        68.683105  16.630415
3726        13.100628   3.046302
2192         5.163767   1.300313
9810        28.153159   6.562316
7921        18.256625   4.239445
11327        7.686386   1.838371
13105        6.016901   1.283736
11835        3.587176   0.700338
8400         2.676915   0.596461
547          2.283162   0.717577