Results for Layer: 15, Type: distance

PCA Loadings (top 10):
13286    0.256334
8582     0.255375
2437     0.255149
15026    0.254694
8492     0.253879
2446     0.253872
14594    0.235067
1108     0.231205
2234     0.230314
9157     0.225197

Classification Report:
              precision    recall  f1-score    support
guess          0.904110  0.916667  0.910345  72.000000
confident      0.750000  0.720000  0.734694  25.000000
accuracy       0.865979  0.865979  0.865979   0.865979
macro avg      0.827055  0.818333  0.822519  97.000000
weighted avg   0.864391  0.865979  0.865074  97.000000

Confusion Matrix:
[[66  6]
 [ 7 18]]

Top 10 Feature Importances:
9157     0.102656
381      0.090379
14466    0.088470
8610     0.080305
2234     0.076924
13614    0.068271
5813     0.061452
14558    0.049598
10935    0.045572
11474    0.041345

Average Feature Activation:
confidence  confident      guess
9157        17.491325   4.306580
381          6.548323   1.465236
14466        8.221491   1.926660
8610        13.030295   3.063671
2234        68.699639  17.334220
13614        5.970759   1.306189
5813         5.403244   1.272733
14558        4.704448   1.055015
10935        2.408887   0.634243
11474        6.849206   1.526892