Results for Layer: 11, Type: distance

PCA Loadings (top 10):
847      0.249876
13434    0.248010
40       0.247805
2427     0.247717
2282     0.246378
10713    0.243057
4162     0.242064
16123    0.239342
13021    0.232152
306      0.222227

Classification Report:
              precision    recall  f1-score    support
guess          0.970588  0.916667  0.942857  72.000000
confident      0.793103  0.920000  0.851852  25.000000
accuracy       0.917526  0.917526  0.917526   0.917526
macro avg      0.881846  0.918333  0.897354  97.000000
weighted avg   0.924845  0.917526  0.919402  97.000000

Confusion Matrix:
[[66  6]
 [ 2 23]]

Top 10 Feature Importances:
6497     0.084666
2285     0.078516
16346    0.068346
8456     0.059766
16123    0.058568
7732     0.057043
13021    0.056404
306      0.055249
13434    0.053507
847      0.050989

Average Feature Activation:
confidence  confident        guess
6497         5.154526     1.028692
2285         6.563674     1.422810
16346        4.605269     0.878051
8456         5.407422     1.012000
16123       58.806898    21.630234
7732         1.947825     0.095822
13021       11.614857     3.475829
306          6.846873     2.010665
13434        0.000000  1768.720119
847          0.000000  2590.921438