Results for Layer: 7, Type: distance

PCA Loadings (top 10):
12294    0.289593
11684    0.288909
14699    0.287045
5005     0.284135
8795     0.267463
1844     0.260813
11961    0.252964
14985    0.251297
829      0.250468
1945     0.245590

Classification Report:
              precision  recall  f1-score  support
guess               1.0     1.0       1.0     72.0
confident           1.0     1.0       1.0     25.0
accuracy            1.0     1.0       1.0      1.0
macro avg           1.0     1.0       1.0     97.0
weighted avg        1.0     1.0       1.0     97.0

Confusion Matrix:
[[72  0]
 [ 0 25]]

Top 10 Feature Importances:
14699    0.108444
14985    0.105641
1945     0.100078
11272    0.089091
5005     0.088201
829      0.075727
1483     0.066594
12294    0.061881
11684    0.059075
11961    0.058680

Average Feature Activation:
confidence  confident      guess
14699        0.000000  16.532794
14985       19.058664   0.000000
1945         7.914173   0.000000
11272        8.072147  11.527600
5005         6.452875  20.499969
829          9.935348   0.000000
1483         9.886905  13.580722
12294        0.000000  33.661565
11684        0.000000  15.998986
11961        6.609828   0.615697