Results for Layer: 18, Type: distance

PCA Loadings (top 10):
11406    0.259205
4741     0.259111
7106     0.259083
4496     0.259073
14534    0.258968
101      0.258913
11385    0.258887
13531    0.258876
9425     0.258774
4294     0.244825

Classification Report:
              precision    recall  f1-score   support
guess          0.891892  0.916667  0.904110  72.00000
confident      0.739130  0.680000  0.708333  25.00000
accuracy       0.855670  0.855670  0.855670   0.85567
macro avg      0.815511  0.798333  0.806221  97.00000
weighted avg   0.852520  0.855670  0.853652  97.00000

Confusion Matrix:
[[66  6]
 [ 8 17]]

Top 10 Feature Importances:
15817    0.107124
4474     0.098731
7373     0.091015
5803     0.090668
15394    0.083651
8922     0.061233
1027     0.058554
4496     0.035378
7106     0.033330
11406    0.032523

Average Feature Activation:
confidence  confident         guess
15817       14.049411  3.297099e+00
4474         8.992781  2.146962e+00
7373        92.290918  2.226422e+01
5803        22.833347  5.265265e+00
15394       13.768387  3.131060e+00
8922         3.713596  9.743430e-01
1027         6.424027  1.385811e+00
4496         0.000000  1.755408e+11
7106         0.000000  1.212041e+11
11406        0.000000  9.802583e+10