Results for Layer: 3, Type: distance

PCA Loadings (top 10):
7120     0.265939
5149     0.265607
6505     0.265508
8520     0.265507
12685    0.265444
1464     0.263681
15757    0.263112
6906     0.260821
10799    0.257633
10396    0.252811

Classification Report:
              precision  recall  f1-score  support
guess               1.0     1.0       1.0     72.0
confident           1.0     1.0       1.0     25.0
accuracy            1.0     1.0       1.0      1.0
macro avg           1.0     1.0       1.0     97.0
weighted avg        1.0     1.0       1.0     97.0

Confusion Matrix:
[[72  0]
 [ 0 25]]

Top 10 Feature Importances:
8520     0.127869
895      0.099546
15757    0.089544
10396    0.067646
9752     0.067463
1464     0.059440
12685    0.058465
10094    0.057838
7120     0.057041
6906     0.053310

Average Feature Activation:
confidence  confident      guess
8520        20.570181   0.000000
895         14.518099   6.363672
15757        0.000000   8.596752
10396        0.000000  10.328483
9752        12.948841   9.402288
1464         0.000000   6.894857
12685       20.953048   0.000000
10094       10.347113  14.406189
7120         0.000000  24.021512
6906         8.310870   0.000000