Results for Layer: 21, Type: end

PCA Loadings (top 10):
14337    0.288407
1615     0.288329
4563     0.287502
15170    0.276477
15445    0.273963
3461     0.258032
2453     0.250240
13589    0.247771
8690     0.239789
13496    0.235722

Classification Report:
              precision    recall  f1-score    support
guess          0.880597  0.819444  0.848921  72.000000
confident      0.566667  0.680000  0.618182  25.000000
accuracy       0.783505  0.783505  0.783505   0.783505
macro avg      0.723632  0.749722  0.733551  97.000000
weighted avg   0.799687  0.783505  0.789452  97.000000

Confusion Matrix:
[[59 13]
 [ 8 17]]

Top 10 Feature Importances:
4563     0.086842
3461     0.086833
7804     0.067717
14813    0.063798
2453     0.058939
13496    0.058589
2558     0.055733
11464    0.049372
1615     0.048004
13589    0.044901

Average Feature Activation:
confidence   confident      guess
4563         16.944113   4.390419
3461        150.392416  81.874270
7804         17.448784   8.970694
14813        14.675137   4.040450
2453          9.897319   2.383499
13496        10.122844   2.328881
2558         10.073150   3.097680
11464        10.765993   8.637185
1615          0.000000  12.249934
13589         0.000000  19.534894