Results for Layer: 20, Type: end

PCA Loadings (top 10):
8996     0.324476
743      0.324411
10925    0.317812
8684     0.311286
10931    0.298534
584      0.293678
11800    0.287579
16045    0.283189
12858    0.263329
6387     0.244432

Classification Report:
              precision    recall  f1-score    support
guess          0.816901  0.805556  0.811189  72.000000
confident      0.461538  0.480000  0.470588  25.000000
accuracy       0.721649  0.721649  0.721649   0.721649
macro avg      0.639220  0.642778  0.640889  97.000000
weighted avg   0.725313  0.721649  0.723405  97.000000

Confusion Matrix:
[[58 14]
 [13 12]]

Top 10 Feature Importances:
11800    0.119841
584      0.099414
10931    0.093365
12858    0.087763
16045    0.083014
8684     0.079211
8996     0.068831
14889    0.065417
13964    0.062982
8366     0.051210

Average Feature Activation:
confidence   confident      guess
11800        17.069906   4.139327
584           7.240127   1.847157
10931        17.677634   7.393285
12858        10.442860   2.506103
16045        15.700006   7.599423
8684        103.612690  81.944744
8996          1.592859  17.355279
14889        15.596109  13.252750
13964         8.923048   8.627579
8366          4.037453   0.896169