Results for Layer: 16, Type: end

PCA Loadings (top 10):
15152    0.392257
6901     0.368009
1033     0.356698
10517    0.340163
16064    0.323489
12119    0.281107
10480    0.278671
9450     0.269903
3608     0.183715
12224    0.174784

Classification Report:
              precision    recall  f1-score    support
guess          0.792208  0.847222  0.818792  72.000000
confident      0.450000  0.360000  0.400000  25.000000
accuracy       0.721649  0.721649  0.721649   0.721649
macro avg      0.621104  0.603611  0.609396  97.000000
weighted avg   0.704010  0.721649  0.710856  97.000000

Confusion Matrix:
[[61 11]
 [16  9]]

Top 10 Feature Importances:
3898     0.137551
9450     0.118617
5673     0.100108
10480    0.093113
1033     0.089512
12224    0.062475
8811     0.053395
9850     0.049030
15152    0.046194
6711     0.040960

Average Feature Activation:
confidence  confident      guess
3898         7.041576   9.382158
9450        26.159900  18.517357
5673         8.601374   4.278916
10480       15.705195  18.068530
1033        83.540367  87.984726
12224        4.637249   4.644158
8811         2.709281   1.108088
9850         2.505440   1.571008
15152        5.197346   2.239599
6711         1.650516   0.416757