Results for Layer: 23, Type: end

PCA Loadings (top 10):
14250    0.360907
10358    0.352179
4245     0.340724
12223    0.311231
11928    0.300198
16371    0.298304
7629     0.282152
3666     0.192815
3956     0.184534
2493     0.174653

Classification Report:
              precision    recall  f1-score    support
guess          0.869565  0.833333  0.851064  72.000000
confident      0.571429  0.640000  0.603774  25.000000
accuracy       0.783505  0.783505  0.783505   0.783505
macro avg      0.720497  0.736667  0.727419  97.000000
weighted avg   0.792726  0.783505  0.787329  97.000000

Confusion Matrix:
[[60 12]
 [ 9 16]]

Top 10 Feature Importances:
11271    0.213545
3956     0.124290
8693     0.093477
16371    0.078732
12644    0.061569
4770     0.052391
5848     0.047769
4245     0.046727
15958    0.045914
2493     0.021943

Average Feature Activation:
confidence   confident       guess
11271       176.268173  144.856421
3956          1.638244   41.650025
8693         10.236419    5.592958
16371         8.669509    1.870064
12644         8.562267    1.932652
4770          5.105403    1.802432
5848          2.699818    5.460896
4245          8.982169    2.046383
15958         0.307372    5.002512
2493          1.968779    1.063984