Results for Layer: 12, Type: end

PCA Loadings (top 10):
6810     0.442181
8364     0.374367
6140     0.333021
10762    0.330363
11988    0.246460
7507     0.236562
1883     0.194548
7517     0.191090
8806     0.182898
3985     0.180564

Classification Report:
              precision    recall  f1-score    support
guess          0.765957  1.000000  0.867470  72.000000
confident      1.000000  0.120000  0.214286  25.000000
accuracy       0.773196  0.773196  0.773196   0.773196
macro avg      0.882979  0.560000  0.540878  97.000000
weighted avg   0.826278  0.773196  0.699123  97.000000

Confusion Matrix:
[[72  0]
 [22  3]]

Top 10 Feature Importances:
11412    0.110772
5650     0.107033
6810     0.104994
6140     0.104947
10762    0.090746
7507     0.088986
8364     0.078511
9195     0.037844
7541     0.036976
8806     0.036139

Average Feature Activation:
confidence  confident      guess
11412        7.656224   6.585410
5650        10.212528   8.701412
6810        54.130941  54.545047
6140         8.619653   8.045114
10762        6.552923   7.011630
7507         9.862341   9.644185
8364         5.595336   5.253898
9195         0.954736   0.436709
7541         1.191869   1.820612
8806         1.350994   0.529332