Results for Layer: 13, Type: end

PCA Loadings (top 10):
2522     0.292206
8768     0.291714
15062    0.290716
1006     0.289179
46       0.273231
13064    0.270810
4355     0.270430
8546     0.269417
13363    0.256420
15319    0.246199

Classification Report:
              precision    recall  f1-score    support
guess          0.820513  0.888889  0.853333  72.000000
confident      0.578947  0.440000  0.500000  25.000000
accuracy       0.773196  0.773196  0.773196   0.773196
macro avg      0.699730  0.664444  0.676667  97.000000
weighted avg   0.758254  0.773196  0.762268  97.000000

Confusion Matrix:
[[64  8]
 [14 11]]

Top 10 Feature Importances:
13725    0.084566
15062    0.081534
15319    0.079025
13363    0.070830
46       0.068646
12964    0.053838
15887    0.053372
13064    0.049463
9877     0.046388
8150     0.044686

Average Feature Activation:
confidence  confident      guess
13725        5.440783   1.751320
15062        7.864196   2.876695
15319       19.303029  16.151532
13363       22.501227  10.102041
46           9.140830   4.199818
12964       12.785093  12.259750
15887       54.365065  54.669154
13064        0.631499   4.099427
9877         4.008380   1.732048
8150         3.041734   1.092176