Results for Layer: 14, Type: end

PCA Loadings (top 10):
7549     0.337567
2173     0.322117
4755     0.298032
511      0.296451
15887    0.294320
7214     0.267706
2411     0.248205
10617    0.235296
15346    0.218846
15871    0.217841

Classification Report:
              precision    recall  f1-score    support
guess          0.842105  0.888889  0.864865  72.000000
confident      0.619048  0.520000  0.565217  25.000000
accuracy       0.793814  0.793814  0.793814   0.793814
macro avg      0.730576  0.704444  0.715041  97.000000
weighted avg   0.784616  0.793814  0.787636  97.000000

Confusion Matrix:
[[64  8]
 [12 13]]

Top 10 Feature Importances:
4186     0.079587
13979    0.076313
7214     0.075718
2411     0.071700
15887    0.069546
14822    0.069138
2173     0.065776
4412     0.057527
9677     0.053129
7549     0.050444

Average Feature Activation:
confidence  confident      guess
4186         4.324407   1.436122
13979       11.853599   9.178328
7214         6.887518   3.746011
2411         9.932978   4.508171
15887       49.753932  53.296608
14822        2.574046   0.760871
2173        17.386281   7.575557
4412         8.665615   7.924415
9677         7.924894   8.191552
7549         8.271595   3.231966