Results for Layer: 15, Type: end

PCA Loadings (top 10):
11474    0.408511
2894     0.368370
2234     0.351469
11009    0.324864
13614    0.320583
9157     0.298250
1961     0.263429
8610     0.235958
381      0.171111
918      0.170956

Classification Report:
              precision    recall  f1-score    support
guess          0.855263  0.902778  0.878378  72.000000
confident      0.666667  0.560000  0.608696  25.000000
accuracy       0.814433  0.814433  0.814433   0.814433
macro avg      0.760965  0.731389  0.743537  97.000000
weighted avg   0.806656  0.814433  0.808873  97.000000

Confusion Matrix:
[[65  7]
 [11 14]]

Top 10 Feature Importances:
9157     0.123574
5813     0.122282
14466    0.122143
381      0.116091
2234     0.095482
13614    0.079596
8610     0.078239
11474    0.058346
10935    0.049757
14558    0.043610

Average Feature Activation:
confidence  confident      guess
9157        18.614366  10.296036
5813         6.183699   8.596929
14466       10.017091   6.575170
381          7.448410   3.158063
2234        65.902439  69.154523
13614        7.142081   8.996608
8610        14.313341  14.813004
11474        8.647059   3.717643
10935        1.767448   0.618640
14558        3.646981   2.906730