Results for Layer: 3, Type: end

PCA Loadings (top 10):
3662     0.252316
3350     0.249695
15802    0.248776
7696     0.247889
15400    0.247695
5757     0.246673
15781    0.245924
4236     0.245893
3769     0.245865
10729    0.245832

Classification Report:
              precision    recall  f1-score    support
guess          1.000000  0.986111  0.993007  72.000000
confident      0.961538  1.000000  0.980392  25.000000
accuracy       0.989691  0.989691  0.989691   0.989691
macro avg      0.980769  0.993056  0.986700  97.000000
weighted avg   0.990087  0.989691  0.989756  97.000000

Confusion Matrix:
[[71  1]
 [ 0 25]]

Top 10 Feature Importances:
15802    0.149843
13979    0.132000
3662     0.112141
4016     0.087384
6486     0.080465
13299    0.076518
895      0.047222
5386     0.041150
4264     0.036215
5757     0.026748

Average Feature Activation:
confidence  confident      guess
15802       17.485510  16.763556
13979        9.426859   5.026802
3662         8.336043   9.611852
4016         4.905059   6.897651
6486         0.000000   5.929600
13299        2.919182   0.143494
895          6.924320   4.284881
5386         4.391077   1.747431
4264         0.000000   3.837323
5757         7.631319   8.139452