Results for Layer: 18, Type: end

PCA Loadings (top 10):
4474     0.321715
14528    0.319007
15817    0.316064
4373     0.311339
14754    0.303865
15394    0.298079
8790     0.292688
5803     0.269037
13524    0.236360
1027     0.197334

Classification Report:
              precision    recall  f1-score    support
guess          0.871429  0.847222  0.859155  72.000000
confident      0.592593  0.640000  0.615385  25.000000
accuracy       0.793814  0.793814  0.793814   0.793814
macro avg      0.732011  0.743611  0.737270  97.000000
weighted avg   0.799564  0.793814  0.796328  97.000000

Confusion Matrix:
[[61 11]
 [ 9 16]]

Top 10 Feature Importances:
15394    0.119218
15817    0.112211
4474     0.111152
5803     0.108649
7373     0.094966
1027     0.072191
8922     0.065937
14754    0.059738
2568     0.037345
6700     0.030734

Average Feature Activation:
confidence  confident      guess
15394       14.177224  24.050971
15817       16.481002   7.476808
4474         9.181505   3.938746
5803        24.098470  17.667938
7373        91.399461  88.254072
1027         8.628556   6.998680
8922         2.355114   0.689900
14754        0.942589   8.936210
2568         2.801840   1.046329
6700         3.008401   0.815256