Results for Layer: 4, Type: end

PCA Loadings (top 10):
14426    0.262037
10729    0.261860
2228     0.261685
8908     0.260890
9967     0.259969
4054     0.253978
10512    0.244592
16146    0.244395
11039    0.238638
7793     0.236524

Classification Report:
              precision    recall  f1-score    support
guess          0.972973  1.000000  0.986301  72.000000
confident      1.000000  0.920000  0.958333  25.000000
accuracy       0.979381  0.979381  0.979381   0.979381
macro avg      0.986486  0.960000  0.972317  97.000000
weighted avg   0.979939  0.979381  0.979093  97.000000

Confusion Matrix:
[[72  0]
 [ 2 23]]

Top 10 Feature Importances:
4054     0.164322
7229     0.125992
5386     0.106616
10764    0.097445
6734     0.070706
6680     0.064622
16146    0.057389
10876    0.053707
5764     0.030929
10011    0.024001

Average Feature Activation:
confidence  confident     guess
4054         6.785849  8.047173
7229         7.730697  9.596015
5386         4.509976  0.522360
10764        4.545428  6.947177
6734         4.898201  7.589358
6680         6.065007  7.686868
16146        8.630131  9.533560
10876        3.108389  0.125309
5764         5.636216  5.844108
10011        8.923193  9.568516