Results for Layer: 25, Type: end

PCA Loadings (top 10):
1689     0.343539
5299     0.340474
484      0.334930
4587     0.315996
3473     0.291115
8002     0.262991
5090     0.233559
1734     0.229176
14325    0.207674
10150    0.203126

Classification Report:
              precision    recall  f1-score    support
guess          0.861111  0.861111  0.861111  72.000000
confident      0.600000  0.600000  0.600000  25.000000
accuracy       0.793814  0.793814  0.793814   0.793814
macro avg      0.730556  0.730556  0.730556  97.000000
weighted avg   0.793814  0.793814  0.793814  97.000000

Confusion Matrix:
[[62 10]
 [10 15]]

Top 10 Feature Importances:
3473     0.112858
484      0.098187
1689     0.089339
5299     0.085860
12784    0.081686
1734     0.074264
15298    0.068312
13749    0.063762
8002     0.054920
6172     0.050830

Average Feature Activation:
confidence  confident       guess
3473        42.879513   20.091175
484         31.584834   68.731537
1689        10.212377   39.277639
5299        16.037738   37.189992
12784       25.331395   20.428338
1734        15.944563   24.971632
15298       89.980936  121.419067
13749       71.040633   52.224779
8002        27.347848   14.065939
6172         6.377583    2.065867