Results for Layer: 1, Type: end

PCA Loadings (top 10):
15173    0.251303
13713    0.251235
11135    0.251153
7649     0.250624
15689    0.250588
13412    0.249665
12054    0.245250
15781    0.236562
1648     0.236535
3840     0.236532

Classification Report:
              precision    recall  f1-score    support
guess          1.000000  0.986111  0.993007  72.000000
confident      0.961538  1.000000  0.980392  25.000000
accuracy       0.989691  0.989691  0.989691   0.989691
macro avg      0.980769  0.993056  0.986700  97.000000
weighted avg   0.990087  0.989691  0.989756  97.000000

Confusion Matrix:
[[71  1]
 [ 0 25]]

Top 10 Feature Importances:
12054    0.220567
15689    0.180473
6923     0.065507
6483     0.063742
206      0.060176
13713    0.050837
740      0.047193
8650     0.035499
7649     0.034321
8215     0.033956

Average Feature Activation:
confidence  confident      guess
12054       23.808671  26.298652
15689        7.679191   8.675247
6923         2.725930   0.000000
6483         8.702606   6.995162
206          0.283756   3.885939
13713       29.865206  31.135315
740          0.000000   2.608959
8650         3.138915   0.887217
7649         9.832109  10.325314
8215         6.322557   6.412176