Results for Layer: 0, Type: end

PCA Loadings (top 10):
11786    0.230760
7247     0.230748
11857    0.230735
3038     0.230709
4742     0.230708
8247     0.230661
1575     0.230593
883      0.228333
8920     0.225011
3604     0.224050

Classification Report:
              precision    recall  f1-score    support
guess          1.000000  0.986111  0.993007  72.000000
confident      0.961538  1.000000  0.980392  25.000000
accuracy       0.989691  0.989691  0.989691   0.989691
macro avg      0.980769  0.993056  0.986700  97.000000
weighted avg   0.990087  0.989691  0.989756  97.000000

Confusion Matrix:
[[71  1]
 [ 0 25]]

Top 10 Feature Importances:
8920     0.177277
3604     0.128325
1575     0.110388
3038     0.092122
883      0.088717
11857    0.080864
8247     0.062278
4742     0.061087
7247     0.029445
11786    0.018533

Average Feature Activation:
confidence  confident      guess
8920        19.956358  23.604886
3604        13.253495  15.041882
1575        15.672814  16.130940
3038        15.210623  16.279651
883         13.984425  14.438726
11857       44.917364  46.860327
8247        19.166159  19.942196
4742        28.530324  29.789351
7247        22.891400  24.106131
11786       26.095196  27.386088