Results for Layer: 24, Type: end

PCA Loadings (top 10):
1802     0.352966
391      0.348788
9576     0.340982
11326    0.295263
11576    0.278529
12889    0.264357
13752    0.232513
4559     0.218040
2567     0.203892
10070    0.197207

Classification Report:
              precision    recall  f1-score    support
guess          0.890411  0.902778  0.896552  72.000000
confident      0.708333  0.680000  0.693878  25.000000
accuracy       0.845361  0.845361  0.845361   0.845361
macro avg      0.799372  0.791389  0.795215  97.000000
weighted avg   0.843484  0.845361  0.844316  97.000000

Confusion Matrix:
[[65  7]
 [ 8 17]]

Top 10 Feature Importances:
9576     0.118015
14448    0.095357
14339    0.087385
11576    0.085797
11326    0.080004
12889    0.073537
13752    0.071220
1802     0.070489
4182     0.055928
391      0.040933

Average Feature Activation:
confidence   confident       guess
9576          9.746013   20.333354
14448       100.499242  110.471823
14339        16.322243   20.735228
11576        11.183649    2.938861
11326       128.910578  152.712597
12889         5.419149   19.615135
13752        28.274438   24.183202
1802          0.414598   29.699070
4182         13.280137   17.507954
391           0.112293   14.770750