Results for Layer: 11, Type: end

PCA Loadings (top 10):
16123    0.406943
4280     0.376884
7732     0.323761
10839    0.322308
15555    0.264417
2285     0.259323
306      0.215124
13021    0.212995
8456     0.172890
6934     0.145922

Classification Report:
              precision    recall  f1-score    support
guess          0.780220  0.986111  0.871166  72.000000
confident      0.833333  0.200000  0.322581  25.000000
accuracy       0.783505  0.783505  0.783505   0.783505
macro avg      0.806777  0.593056  0.596873  97.000000
weighted avg   0.793909  0.783505  0.729778  97.000000

Confusion Matrix:
[[71  1]
 [20  5]]

Top 10 Feature Importances:
306      0.098570
8456     0.093319
6497     0.091342
10839    0.087063
16123    0.080131
2285     0.079538
13021    0.069550
4280     0.067516
16346    0.066810
7732     0.053658

Average Feature Activation:
confidence  confident      guess
306          6.459687   6.030334
8456         5.495056   4.716799
6497         6.265712   6.171318
10839        6.479899   7.336213
16123       49.603881  49.414019
2285        10.242729   9.839141
13021       12.079796  12.378473
4280         8.265970   8.660887
16346        3.459032   3.354506
7732         1.993054   1.553177