Results for Layer: 17, Type: end

PCA Loadings (top 10):
14577    0.311406
9810     0.306948
9599     0.299177
11145    0.297261
13105    0.296124
3726     0.288032
7921     0.283998
2192     0.228747
8400     0.223373
6492     0.214111

Classification Report:
              precision    recall  f1-score    support
guess          0.842857  0.819444  0.830986  72.000000
confident      0.518519  0.560000  0.538462  25.000000
accuracy       0.752577  0.752577  0.752577   0.752577
macro avg      0.680688  0.689722  0.684724  97.000000
weighted avg   0.759265  0.752577  0.755593  97.000000

Confusion Matrix:
[[59 13]
 [11 14]]

Top 10 Feature Importances:
13105    0.095798
6492     0.086972
3726     0.086103
2192     0.083810
7921     0.079955
9810     0.070049
11327    0.069571
11835    0.049148
8400     0.043284
12780    0.039113

Average Feature Activation:
confidence  confident      guess
13105        7.599055  15.881190
6492        66.926751  78.410516
3726        15.580866   7.046178
2192         4.745877   1.274070
7921        18.922100  24.748554
9810        29.652457  20.673069
11327        7.511987   4.843523
11835        3.048668   5.127900
8400         2.603970   4.172202
12780        2.025498   0.633678