Results for Layer: 10, Type: end

PCA Loadings (top 10):
4280     0.328966
3031     0.325683
5105     0.301527
14660    0.293198
12501    0.289086
14462    0.283016
12947    0.281261
5240     0.246975
7160     0.237569
12689    0.187995

Classification Report:
              precision    recall  f1-score    support
guess          0.797753  0.986111  0.881988  72.000000
confident      0.875000  0.280000  0.424242  25.000000
accuracy       0.804124  0.804124  0.804124   0.804124
macro avg      0.836376  0.633056  0.653115  97.000000
weighted avg   0.817662  0.804124  0.764012  97.000000

Confusion Matrix:
[[71  1]
 [18  7]]

Top 10 Feature Importances:
5105     0.110217
3910     0.091758
3031     0.075806
8034     0.071939
12501    0.070363
12947    0.068504
4280     0.066991
14462    0.062726
13863    0.061689
320      0.056015

Average Feature Activation:
confidence  confident      guess
5105         6.803268   8.129126
3910         8.685545   7.905986
3031        35.684247  36.448810
8034         4.733855   6.337940
12501        9.392243   9.473558
12947        6.558041   6.931508
4280         9.670613   9.389835
14462        5.696537   6.124723
13863        6.627399   6.674055
320          1.849593   0.303239