Results for Layer: 8, Type: end

PCA Loadings (top 10):
10044    0.340521
302      0.314499
3124     0.310433
279      0.308477
5859     0.254456
3531     0.244510
3168     0.225539
10972    0.221904
8641     0.215968
8151     0.191990

Classification Report:
              precision    recall  f1-score    support
guess          0.808989  1.000000  0.894410  72.000000
confident      1.000000  0.320000  0.484848  25.000000
accuracy       0.824742  0.824742  0.824742   0.824742
macro avg      0.904494  0.660000  0.689629  97.000000
weighted avg   0.858218  0.824742  0.788853  97.000000

Confusion Matrix:
[[72  0]
 [17  8]]

Top 10 Feature Importances:
3124     0.120924
10524    0.073740
10044    0.069121
279      0.067807
8151     0.067493
10972    0.067187
3531     0.063488
302      0.060475
8641     0.058925
5286     0.056823

Average Feature Activation:
confidence  confident      guess
3124         6.355336   7.116205
10524       10.249100  10.753869
10044       14.230183  14.140652
279          4.666292   4.540268
8151         4.128547   2.919465
10972        8.900069   8.675677
3531         3.959388   3.262509
302         51.829554  53.126360
8641         6.876945   7.008822
5286         0.464865   2.115442