Results for Layer: 6, Type: end

PCA Loadings (top 10):
6058     0.352129
8730     0.329562
8986     0.329470
15579    0.320483
13073    0.275122
15079    0.248559
7221     0.248411
4916     0.221685
554      0.208685
10793    0.195477

Classification Report:
              precision    recall  f1-score    support
guess          0.934211  0.986111  0.959459  72.000000
confident      0.952381  0.800000  0.869565  25.000000
accuracy       0.938144  0.938144  0.938144   0.938144
macro avg      0.943296  0.893056  0.914512  97.000000
weighted avg   0.938894  0.938144  0.936291  97.000000

Confusion Matrix:
[[71  1]
 [ 5 20]]

Top 10 Feature Importances:
13997    0.175716
7221     0.147599
3124     0.099402
13073    0.095126
14336    0.058321
2042     0.057768
15079    0.054250
10793    0.033485
3236     0.032737
554      0.026826

Average Feature Activation:
confidence  confident      guess
13997        7.297910   4.453165
7221         8.031254   9.820667
3124         3.068073   5.033691
13073        7.886447   9.168169
14336        1.263729   3.661915
2042         5.849716   6.858837
15079       33.408878  30.118552
10793        4.239568   3.511888
3236         1.195090   0.000000
554          3.654893   3.898337