Results for Layer: 7, Type: end

PCA Loadings (top 10):
11227    0.319857
7821     0.297254
11272    0.290401
2126     0.246108
11961    0.237092
8199     0.214557
1900     0.214463
14146    0.210257
14662    0.204929
13972    0.193614

Classification Report:
              precision    recall  f1-score    support
guess          0.888889  1.000000  0.941176  72.000000
confident      1.000000  0.640000  0.780488  25.000000
accuracy       0.907216  0.907216  0.907216   0.907216
macro avg      0.944444  0.820000  0.860832  97.000000
weighted avg   0.917526  0.907216  0.899762  97.000000

Confusion Matrix:
[[72  0]
 [ 9 16]]

Top 10 Feature Importances:
11272    0.186725
790      0.118758
14662    0.084723
11961    0.083772
14146    0.077563
3968     0.065068
7439     0.060671
11227    0.056503
15085    0.044237
1945     0.039717

Average Feature Activation:
confidence  confident      guess
11272       10.499404  12.087796
790          2.992811   2.179955
14662        3.063830   4.591484
11961        6.390151   5.753847
14146       40.833657  42.814339
3968         7.090768   7.782073
7439         6.627930   6.817207
11227        5.683725   5.510560
15085        5.187307   5.012700
1945         2.412178   0.885886