Results for Layer: 19, Type: end

PCA Loadings (top 10):
12240    0.359572
4346     0.346344
14434    0.343346
10363    0.336793
15864    0.335627
15887    0.294927
5825     0.257529
14438    0.252597
11046    0.232324
13742    0.208184

Classification Report:
              precision    recall  f1-score    support
guess          0.826667  0.861111  0.843537  72.000000
confident      0.545455  0.480000  0.510638  25.000000
accuracy       0.762887  0.762887  0.762887   0.762887
macro avg      0.686061  0.670556  0.677088  97.000000
weighted avg   0.754189  0.762887  0.757739  97.000000

Confusion Matrix:
[[62 10]
 [13 12]]

Top 10 Feature Importances:
10363    0.136001
15864    0.133510
11046    0.125002
14434    0.115691
4346     0.111785
5825     0.088643
15887    0.088245
7558     0.041348
13742    0.041051
12240    0.031232

Average Feature Activation:
confidence  confident      guess
10363       19.102474   7.894850
15864        7.703020  14.347497
11046        7.978808  12.631923
14434       19.033974  11.300058
4346        90.071126  77.440349
5825         6.082219   2.883382
15887       13.545009  10.396656
7558         2.710867   0.700387
13742        2.257363   0.706872
12240        0.066140   5.377674