Results for Layer: 2, Type: end

PCA Loadings (top 10):
9881     0.243783
8442     0.243417
15845    0.242596
11632    0.238272
8018     0.231407
405      0.229455
15089    0.229167
1786     0.223286
9820     0.221137
10046    0.221125

Classification Report:
              precision  recall  f1-score  support
guess               1.0     1.0       1.0     72.0
confident           1.0     1.0       1.0     25.0
accuracy            1.0     1.0       1.0      1.0
macro avg           1.0     1.0       1.0     97.0
weighted avg        1.0     1.0       1.0     97.0

Confusion Matrix:
[[72  0]
 [ 0 25]]

Top 10 Feature Importances:
405      0.169750
4997     0.137599
1786     0.133379
15089    0.090585
15845    0.080709
13501    0.058059
8018     0.051450
8442     0.049910
10225    0.029925
11632    0.028452

Average Feature Activation:
confidence  confident      guess
405          8.894529   7.899196
4997         2.318934   6.232894
1786         9.478989  11.045464
15089        7.292793   9.351841
15845        8.347983   8.381390
13501        5.496187   4.305414
8018         7.188752   7.001717
8442        23.351721  24.219989
10225        2.234469   2.239120
11632        8.061341   8.329661