Results for Layer: 9, Type: end

PCA Loadings (top 10):
7217     0.336461
10185    0.316651
14802    0.301988
1435     0.299055
13601    0.294673
12701    0.264499
8698     0.263760
1804     0.233306
10964    0.211912
6138     0.192011

Classification Report:
              precision    recall  f1-score    support
guess          0.818182  1.000000  0.900000  72.000000
confident      1.000000  0.360000  0.529412  25.000000
accuracy       0.835052  0.835052  0.835052   0.835052
macro avg      0.909091  0.680000  0.714706  97.000000
weighted avg   0.865042  0.835052  0.804488  97.000000

Confusion Matrix:
[[72  0]
 [16  9]]

Top 10 Feature Importances:
12701    0.114966
4494     0.102573
1435     0.089567
14802    0.068697
15629    0.065820
10185    0.064766
7217     0.062071
8698     0.059217
6227     0.058814
9595     0.048857

Average Feature Activation:
confidence  confident      guess
12701        5.182523   6.939664
4494         9.335701   8.357028
1435        45.628579  47.517867
14802        8.767161   8.717579
15629        6.469655   6.196223
10185        4.109499   3.694935
7217         9.228364   9.343996
8698         5.653554   5.640653
6227         6.242529   5.793507
9595         1.601475   2.485181