Results for Layer: 22, Type: end

PCA Loadings (top 10):
6604     0.293474
2037     0.289427
15889    0.280015
4384     0.268259
2330     0.255994
10733    0.253614
214      0.239209
11878    0.231469
8444     0.217393
7693     0.204656

Classification Report:
              precision    recall  f1-score    support
guess          0.924242  0.847222  0.884058  72.000000
confident      0.645161  0.800000  0.714286  25.000000
accuracy       0.835052  0.835052  0.835052   0.835052
macro avg      0.784702  0.823611  0.799172  97.000000
weighted avg   0.852314  0.835052  0.840302  97.000000

Confusion Matrix:
[[61 11]
 [ 5 20]]

Top 10 Feature Importances:
4384     0.131908
2234     0.102065
10733    0.097074
9723     0.086652
2037     0.061588
6604     0.061501
9309     0.040108
16200    0.037159
9154     0.036962
13589    0.029471

Average Feature Activation:
confidence   confident       guess
4384        171.064516  111.458473
2234         15.694240    8.457711
10733         7.555716    1.765912
9723         10.093570    2.416869
2037          0.000000   26.183108
6604          8.719752    2.102607
9309          6.374746    1.509990
16200         5.367700    1.928673
9154          4.579653    2.015284
13589         0.000000    9.255300