Results for Layer: 5, Type: end

PCA Loadings (top 10):
4025     0.294413
10153    0.294332
4857     0.293906
14217    0.287330
7387     0.286677
8672     0.275616
10729    0.271315
7227     0.258959
11535    0.258249
14908    0.229811

Classification Report:
              precision    recall  f1-score    support
guess          0.972973  1.000000  0.986301  72.000000
confident      1.000000  0.920000  0.958333  25.000000
accuracy       0.979381  0.979381  0.979381   0.979381
macro avg      0.986486  0.960000  0.972317  97.000000
weighted avg   0.979939  0.979381  0.979093  97.000000

Confusion Matrix:
[[72  0]
 [ 2 23]]

Top 10 Feature Importances:
12484    0.198278
4727     0.155978
8672     0.104854
14908    0.094475
13789    0.047780
5939     0.041081
10582    0.036196
14217    0.030481
8680     0.026691
11535    0.026096

Average Feature Activation:
confidence  confident      guess
12484       10.323453  12.807145
4727         6.291671   0.042169
8672        10.349049   8.759893
14908       15.249633  16.764869
13789       14.866244  11.498551
5939         1.612340   3.628009
10582        1.638083   3.584725
14217        6.412543   6.400060
8680         3.795084   2.756960
11535        4.815020   4.777053